Sample error mean vector:

-0.000511415
0.003539
-0.00261404
-0.614575
0.344794
0.757938
-0.035797

Covariance matrix: 

6.60891e-05 -3.74222e-06  2.49572e-05  0.000854899   0.00232222  -0.00175648 -0.000660176
-3.74222e-06  3.27903e-05  2.59823e-05  0.000598473  0.000673082 -0.000544247  0.000128454
 2.49572e-05  2.59823e-05  4.16302e-05   0.00170859  0.000993874  -0.00104343 -3.70658e-05
 0.000854899  0.000598473   0.00170859     0.347898    -0.101196   -0.0414465    0.0597165
  0.00232222  0.000673082  0.000993874    -0.101196     0.184422   -0.0827984   -0.0445412
 -0.00175648 -0.000544247  -0.00104343   -0.0414465   -0.0827984    0.0664079    0.0129117
-0.000660176  0.000128454 -3.70657e-05    0.0597165   -0.0445412    0.0129117    0.0565361
